393387038422
393393622459
393396324678
393396324655
393396331945
393396330053
393396327161
393396330685
393396327643
393391268697
393396287295
393391275290
393382292937
393393797167
393337966773
393337983663
393312405188
393803884404
393803407824
393337933435
393312958264
393803845475
393312526528
393803439503
393338474301
393804761343
393312472016
393774091393
393498104510
393312748571
393498700026
393393554639
393498424576
393498661933
393804742056
393312455113
393337991316
393497619544
393778388714
393394046895
393498669090
393803640002
393804310403
393498161312
393779423139
393312625676
393803899478
393804657744
393805333097
393312865968
393312562020
393338256871
393338191122
393338297295
393805910575
393498525488
393393758931
393806303329
393804382986
393498747235
393337919838
393804500291
393804327772
393312998885
393778453950
393498183599
393778212935
393801027271
393803836259
393778262731
393312735420
393804141119
393801059029
393497954978
393338035121
393393979464
393775010374
393498667264
393338010677
393338356812
393338216739
393498141190
393338434233
393312706439
393393586470
393498146637
393778495929
393313026829
393394007207
393803420128
393498474236
393497634244
393803703593
393804276477
393338074675
393806330523
393498673073
393805265948
393312538668
393804686157
393338013432
393497895263
393393907990
393775004428
393338387182
393393634388
393778856599
393497839979
393803730226
393803614843
393393565667
393393767491
393498200046
393498491140
393393663684
393804920369
393337967654
393779013802
393312410874
393497932526
393338018341
393774356153
393393675622
393338302422
393338196592
393313033037
393338003556
393393922348
393338274093
393801059916
393393762148
393338035207
393393614899
393393883340
393497597632
393312541460
393338257858
393776754791
393498414352
393498364967
393804943901
393393700236
393393631622
393338492434
393338073281
393805035711
393776788648
393498770221
393498285908
393497870402
393498687696
393338413501
393337989204
393338304065
393498631798
393338454785
393775296577
393312782765
393775212551
393497820998
393393818871
393497827492
393394008331
393498625123
393393923627
393804625140
393393613142
393338108447
393393589256
393497941632
393774571990
393498416301
393312611824
393498726320
393778260930
393312477576
393393777301
393804651880
393393661236
393801086537
393338009926
393312551532
393313029191
393804759185
393312827366
393393722966
393338010009
393774362995
393312679883
393393591006
393498059406
393497715565
393393550000
393313038651
393779997981
393393882975
393497899910
393776803219
393312472104
393497623659
393804327609
393776982687
393393738772
393393707765
393313011672
393774108182
393312887883
393497938035
393497683676
393498351080
393497983499
393775361278
393498226441
393498078611
393338202707
393393904062
393312378514
393498747042
393498351900
393338048358
393312703648
393805851674
393774561239
393393906654
393778811822
393498658390
393393591188
393803820650
393804330490
393803696455
393497972870
393338285283
393806310132
393338077105
393498147192
393498736328
393498679680
393778404624
393776908763
393337938255
393779825708
393498198161
393338159462
393804936088
393393600405
393498505939
393312945291
393393790277
393337932577
393805066231
393778831701
393337937571
393779531149
393312657428
393338081013
393803686055
393803619817
393393780618
393805833667
393338401683
393393746670
393338310857
393338498052
393805296487
393774614824
393803648814
393312488370
393393910050
393338105270
393778831815
393338329466
393805995061
393805959659
393804205018
393393828181
393497757089
393497791291
393312674025
393497873806
393393789981
393498107654
393338187522
393338285227
393497763579
393775238025
393498020887
393312818351
393497612938
393498051677
393805805157
393393664943
393312421773
393312926049
393803413402
393338258780
393498109491
393312696544
393312724790
393312944844
393498208774
393774118691
393498609522
393804752991
393338237086
393498577360
393497873445
393338280335
393804793799
393498629724
393393853005
393497910459
393804560140
393497709538
393338191247
393498337120
393804398578
393312569810
393338368332
393498140238
393803884887
393312616069
393498744483
393338452962
393313074307
393801063499
393803814183
393497629428
393338254901
393498702579
393801205838
393498358301
393805827673
393338173349
393338040389
393338167200
393803866974
393312443134
393312385917
393393839128
393801062323
393312742760
393497707575
393805938097
393393641275
393312438282
393497868424
393498768294
393497640200
393393589990
393498672976
393338081715
393393596049
393497786695
393338393309
393312951967
393338034883
393803423207
393394022595
393393757496
393312660970
393497824206
393497572511
393313007594
393804725677
393498622817
393338073945
393393888531
393498560325
393804669443
393805438243
393338170266
393803772438
393313066591
393806333604
393805160819
393393905442
393498483991
393804622535
393393563855
393803874260
393338425085
393778527089
393498759956
393312934400
393805335610
393312548709
393498645130
393497795122
393498164602
393312757027
393393667742
393393738795
393804730768
393312962207
393312739186
393393588285
393498420587
393338123139
393312370322
393393949829
393393971962
393498301085
393338419825
393497722907
393394024956
393805856438
393804704560
393338471963
393804966376
393312866551
393497705583
393338362105
393804639078
393776933766
393498504061
393804711661
393338091090
393338352865
393804710991
393393767062
393393691141
393338367555
393312660085
393312974059
393804521158
393393723204
393338371779
393806342727
393498710090
393803765413
393393584592
393393922236
393804914920
393338002979
393312409652
393778296897
393498453694
393779591811
393497855161
393312564039
393803609844
393497627773
393498700465
393498762127
393804738831
393498122929
393498222383
393774433382
393774228523
393805829970
393498184933
393497574108
393338364336
393393569741
393779033009
393498767446
393338193514
393338092312
393497862772
393804907492
393393561717
393337965928
393393901662
393497802938
393497708488
393337922902
393803729566
393778410558
393393532610
393338046587
393777725373
393498209277
393312454416
393803778495
393497834716
393337931367
393803415650
393338481896
393804959184
393804932143
393801209389
393338221677
393804379021
393394017329
393805936744
393338209866
393393926157
393497830572
393393713090
393393629330
393498635663
393498129757
393393925558
393778834542
393393874701
393312471098
393498556384
393804500415
393393723609
393393828913
393803780737
393805993802
393313072282
393498521848
393338429839
393313090773
393498047694
393393776845
393338092898
393394012129
393804575989
393803649103
393803415524
393498769941
393778344087
393312902892
393801010977
393338084610
393497709607
393338365795
393498296504
393394023493
393497634640
393498679919
393338496561
393338372337
393779482520
393778458204
393312796555
393312643996
393394029392
393498156443
393778873264
393393538752
393393874401
393774621933
393312487117
393774728325
393498152506
393498758441
393338291319
393338261255
393338449077
393312707247
393779723204
393775332473
393804118908
393338424116
393338342860
393804344112
393312421485
393803873141
393312599299
393801234686
393497899214
393804719138
393803611445
393497775713
393312873322
393497752951
393393777122
393393699380
393803764009
393497721244
393338453090
393393832144
393778830102
393779611445
393775379081
393774103837
393805892984
393801042499
393778369030
393313005023
393497794363
393775250403
393803418706
393803415385
393312850706
393393700497
393498276833
393497853451
393498124452
393393569700
393774210518
393338020806
393779582813
393498514838
393497643498
393803456162
393312902835
393498418603
393498234089
393804627058
393498704912
393497745768
393338004464
393804381662
393393689995
393804616145
393804775106
393338290325
393312774068
393312827956
393805949760
393775448463
393498601289
393313021489
393338137791
393312484225
393338025618
393498164234
393338230912
393497656714
393498770743
393803672493
393779636040
393313032661
393498684620
393804945220
393338120066
393312394406
393498321534
393498615133
393393968053
393804737811
393312888555
393498762488
393393584275
393804953897
393394015579
393803853287
393338108150
393312502344
393804246286
393497847752
393774534139
393778233018
393394033624
393338240665
393312736883
393803441716
393803734408
393393725920
393804587944
393497776478
393804706952
393338355023
393778349568
393778349192
393498027490
393338109800
393776907056
393804754251
393393736250
393804603506
393498534018
393498065723
393338291197
393393791953
393393694032
393337956116
393803463843
393775176848
393803882463
393777756666
393338161298
393804738752
393338164292
393312612829
393312572886
393393897067
393338205018
393498613308
393498498647
393393837175
393804684709
393338399716
393393568804
393803652137
393778829024
393803869650
393498068704
393803775955
393497948874
393312732374
393498411488
393497769264
393393702836
393338388809
393498556108
393801042999
393774927324
393393654528
393338460704
393804644788
393338062847
393393828559
393498747320
393803811552
393338172805
393393609663
393498520436
393803675660
393338285850
393313052164
393393895822
393498143529
393776934685
393313062724
393803674638
393776779447
393393615020
393337902781
393393626914
393338466077
393313075588
393338477059
393498402619
393312404888
393805827972
393393622908
393805238723
393803492856
393498503465
393805980090
393498206311
393804587345
393804781529
393498470482
393393784891
393312793209
393498413875
393394048335
393312951391
393312756442
393498711998
393338360984
393338116600
393498504174
393778875714
393338128072
393803431013
393804330460
393497776609
393312362536
393804666497
393497708614
393803682171
393393966988
393338066632
393803860170
393804795686
393804664485
393498487296
393804678431
393804110227
393312366460
393803840796
393803299626
393497703254
393803451189
393338213112
393312755325
393393775422
393338203801
393313021822
393338141438
393312748686
393338375355
393393536369
393804792416
393498739029
393775227600
393498511678
393312810711
393804769162
393394041082
393498161237
393338005557
393393610375
393498661158
393498229326
393497966896
393497689460
393498230809
393804667344
393393654088
393498717886
393312937284
393338017528
393338246013
393779963607
393498098193
393337914929
393774488630
393338422033
393803285416
393497930229
393497736630
393313035012
393312548625
393498730472
393393736888
393312570473
393393653591
393803629011
393804346756
393497759727
393394002151
393338188108
393312817293
393393827251
393774646555
393805047200
393497673957
393804936128
393394026013
393801003016
393338142165
393312876434
393497867708
393393904673
393804311369
393779956301
393805405491
393338069325
393498604204
393393748582
393803403485
393338029211
393774240286
393338189397
393498489249
393775028647
393804604920
393498579262
393801228939
393337973915
393778874652
393497714264
393804693454
393497729590
393498578963
393804928722
393497632784
393779474094
393803810520
393497855602
393393789526
393393583738
393804785273
393803788012
393312877863
393393655055
393312729524
393312683985
393804924261
393312599917
393312415245
393337908541
393338447508
393498417016
393803682961
393393935862
393312886007
393801052766
393803736977
393803718164
393498063883
393805315113
393803470088
393779952456
393338430496
393393729622
393774851002
393775499233
393497925498
393393530386
393803583071
393498199910
393804358866
393393609740
393312413451
393774687273
393338359003
393312950238
393393743485
393803336601
393778806133
393774731151
393778830316
393498309280
393337932099
393497730301
393804762795
393804362126
393497804837
393498077241
393338164705
393805803755
393778318118
393775127694
393498658619
393805109800
393498466090
393776968417
393338114610
393497634718
393393633455
393338426431
393498537105
393498539268
393497735510
393774054428
393313016635
393338087428
393498511804
393497650188
393312828002
393497937960
393805105505
393338070234
393803652364
393803713006
393337919454
393497614857
393338205459
393312869384
393393992193
393498312605
393497590223
393338383807
393803449725
393497941753
393804225119
393338366201
393393939066
393338501288
393312655593
393803674663
393498512796
393779775273
393337904940
393804338744
393803712993
393498467189
393803814778
393801214473
393337922917
393497954712
393338471971
393393562311
393497715202
393497623038
393337967743
393804392837
393312851252
393498100281
393805473579
393498745999
393393613689
393498569184
393777095400
393312764622
393803426846
393779966655
393338426939
393497710816
393498029421
393393944352
393498680859
393312644883
393312675635
393338346078
393338023170
393803305016
393805878563
393497734499
393803417114
393804657265
393803454476
393804785902
393393924808
393337998884
393313056898
393313076198
393497882404
393338004798
393338172413
393393740244
393394040551
393804664667
393387758890
393396301887
393396300067
393396309165
393396318002
393387037372
393396320191